cam0:
  cam_overlaps: [1]
  camera_model: pinhole
  distortion_coeffs: [-0.09081206594043605, 0.02718872375097856, -0.013064403731903505, 0.0004715138564772464]
  distortion_model: equidistant
  intrinsics: [397.5333504221461, 397.7913925089483, 297.16755267807946, 236.82167647867178]
  resolution: [640, 480]
  rostopic: /stereo_camera_node/left_camera/image_raw
cam1:
  T_cn_cnm1:
  - [0.9998932060999587, -0.0007078600936835304, -0.014597100028150251, -0.1198355055701484]
  - [0.000734174427861313, 0.9999981151151758, 0.0017974298327387503, 3.9300870363591555e-05]
  - [0.014595800185448149, -0.0018079546957584646, 0.9998918411092087, -0.0017836713763721436]
  - [0.0, 0.0, 0.0, 1.0]
  cam_overlaps: [0]
  camera_model: pinhole
  distortion_coeffs: [-0.08458811257060495, 0.010318902878889875, 0.003975750326410814, -0.0014717030717493877]
  distortion_model: equidistant
  intrinsics: [398.50730325658003, 398.68419216826504, 337.36758553700935, 236.96539473228464]
  resolution: [640, 480]
  rostopic: /stereo_camera_node/right_camera/image_raw
